lstm_accuracies = \
[0.3760217983651226,
 0.405086285195277,
 0.40054495912806537,
 0.4178019981834696,
 0.4259763851044505,
 0.41689373297002724,
 0.4332425068119891,
 0.4396003633060854,
 0.44141689373297005,
 0.44959128065395093,
 0.43505903723887374,
 0.45413260672116257,
 0.44504995458673935,
 0.44686648501362397,
 0.44504995458673935,
 0.44232515894641233,
 0.44504995458673935,
 0.43505903723887374,
 0.45231607629427795,
 0.45049954586739327,
 0.45231607629427795,
 0.45413260672116257,
 0.44959128065395093,
 0.43869209809264303,
 0.43142597638510444,
 0.44595821980018163,
 0.44232515894641233,
 0.45231607629427795,
 0.44595821980018163,
 0.4232515894641235,
 0.4196185286103542,
 0.4259763851044505,
 0.43869209809264303,
 0.4359673024523161,
 0.4405086285195277,
 0.42415985467756584,
 0.4232515894641235,
 0.44141689373297005,
 0.4305177111716621,
 0.43869209809264303]
lstm_losses = \
[378.2119324207306,
 336.46172165870667,
 324.79417848587036,
 321.29580479860306,
 312.7520086169243,
 306.5028926730156,
 303.05295753479004,
 300.4068031311035,
 298.46470779180527,
 289.0225469470024,
 291.1962857246399,
 282.68358051776886,
 280.5330347418785,
 274.6485337615013,
 271.22995072603226,
 262.01705610752106,
 262.43377262353897,
 258.2223930954933,
 250.72506350278854,
 241.31769692897797,
 231.90701287984848,
 236.24365627765656,
 222.75988692045212,
 216.14693349599838,
 212.49848383665085,
 205.08531242609024,
 191.2387238740921,
 192.92162343859673,
 182.96233993768692,
 179.28946062922478,
 169.4908410012722,
 162.19018054008484,
 155.5856760442257,
 148.80825567245483,
 137.96068561077118,
 136.10457223653793,
 132.30001091957092,
 121.34911815822124,
 117.09585213661194,
 115.42752135545015]


