lstm_accuracies = \
[0.36966394187102636,
 0.3978201634877384,
 0.407811080835604,
 0.4259763851044505,
 0.44323342415985467,
 0.43505903723887374,
 0.43778383287920075,
 0.4332425068119891,
 0.44686648501362397,
 0.4477747502270663,
 0.4477747502270663,
 0.44686648501362397,
 0.44686648501362397,
 0.44686648501362397,
 0.4641235240690282,
 0.46139872842870117,
 0.44141689373297005,
 0.45413260672116257,
 0.45322434150772023,
 0.44868301544050865,
 0.4641235240690282,
 0.45231607629427795,
 0.4396003633060854,
 0.45049954586739327,
 0.44504995458673935,
 0.4305177111716621,
 0.44686648501362397,
 0.44959128065395093,
 0.4323342415985468,
 0.43142597638510444,
 0.42415985467756584,
 0.44868301544050865,
 0.4296094459582198,
 0.43142597638510444,
 0.4123524069028156,
 0.42779291553133514,
 0.41689373297002724,
 0.410535876475931,
 0.410535876475931,
 0.4141689373297003]
lstm_losses = \
[383.97479712963104,
 345.1438843011856,
 331.46487414836884,
 320.7935262322426,
 315.13457173109055,
 308.20701682567596,
 307.1893028020859,
 300.1419907808304,
 297.13016027212143,
 293.1958296895027,
 289.3905290365219,
 281.87453627586365,
 279.1987273097038,
 275.45318657159805,
 275.16543287038803,
 264.34314900636673,
 260.6631752252579,
 256.6599146127701,
 249.1832858324051,
 241.39296931028366,
 240.4311644434929,
 233.62435907125473,
 226.38402557373047,
 214.96962702274323,
 212.89251139760017,
 208.44128385186195,
 195.75007152557373,
 193.8850330710411,
 183.43130460381508,
 181.97850263118744,
 170.04936891794205,
 165.74670606851578,
 158.29770451784134,
 149.44567370414734,
 142.54492916166782,
 139.7747641801834,
 134.70923675596714,
 123.4046528339386,
 115.87250629067421,
 117.01188143342733]


