lstm_accuracies = \
[0.36966394187102636,
 0.405086285195277,
 0.40962761126248864,
 0.41326067211625794,
 0.43505903723887374,
 0.4396003633060854,
 0.44686648501362397,
 0.4477747502270663,
 0.4477747502270663,
 0.43142597638510444,
 0.4296094459582198,
 0.45231607629427795,
 0.45231607629427795,
 0.46321525885558584,
 0.44868301544050865,
 0.4550408719346049,
 0.44323342415985467,
 0.43869209809264303,
 0.44504995458673935,
 0.44959128065395093,
 0.42415985467756584,
 0.44323342415985467,
 0.43778383287920075,
 0.4359673024523161,
 0.44323342415985467,
 0.42415985467756584,
 0.42779291553133514,
 0.4150772025431426,
 0.44504995458673935,
 0.43142597638510444,
 0.4287011807447775,
 0.41689373297002724,
 0.4287011807447775,
 0.4296094459582198,
 0.405086285195277,
 0.410535876475931,
 0.407811080835604,
 0.4214350590372389,
 0.40417801998183467,
 0.410535876475931]
lstm_losses = \
[382.77899491786957,
 342.48324251174927,
 327.61583614349365,
 320.2159274816513,
 310.2497066259384,
 309.7556702494621,
 300.4000571370125,
 301.308859705925,
 298.08542519807816,
 288.8828926682472,
 288.6286432147026,
 283.68313854932785,
 278.5901983976364,
 275.7531119585037,
 271.67968559265137,
 265.6902582645416,
 256.63205057382584,
 258.3072717785835,
 251.3343545794487,
 239.89743673801422,
 237.98510777950287,
 231.85397440195084,
 220.35250687599182,
 216.23411959409714,
 211.38647884130478,
 208.725758343935,
 192.83593836426735,
 190.87988170981407,
 182.59432676434517,
 176.38342875242233,
 163.95820382237434,
 158.33528885245323,
 157.86002698540688,
 144.32405224442482,
 136.41619543731213,
 132.2160323113203,
 129.22006081044674,
 125.23758095502853,
 113.76345777511597,
 104.60666786134243]


