subtree_lstm_accuracies = 
[0.3814713896457766,
 0.39691189827429607,
 0.43505903723887374,
 0.43415077202543145,
 0.44686648501362397,
 0.44595821980018163,
 0.45231607629427795,
 0.44595821980018163,
 0.44141689373297005,
 0.44868301544050865,
 0.4477747502270663,
 0.45231607629427795,
 0.44504995458673935,
 0.4477747502270663,
 0.46684831970935514,
 0.4677565849227975,
 0.4604904632152589,
 0.46139872842870117,
 0.45958219800181654,
 0.4405086285195277,
 0.44595821980018163,
 0.4586739327883742,
 0.4514078110808356,
 0.45413260672116257,
 0.4405086285195277,
 0.4250681198910082,
 0.43778383287920075,
 0.43415077202543145,
 0.44686648501362397,
 0.43869209809264303,
 0.44504995458673935,
 0.43778383287920075,
 0.4232515894641235,
 0.4296094459582198,
 0.4196185286103542,
 0.4114441416893733,
 0.4114441416893733,
 0.4287011807447775,
 0.4069028156221617,
 0.39509536784741145]
subtree_lstm_losses = 
[380.9857141971588,
 331.94387900829315,
 322.22157537937164,
 315.1930597424507,
 307.2736185193062,
 301.87211161851883,
 299.99674743413925,
 293.76940751075745,
 291.82335072755814,
 288.6486273407936,
 283.88526248931885,
 278.63473123311996,
 278.61134511232376,
 273.98175597190857,
 269.8913643360138,
 268.85348188877106,
 263.51000916957855,
 257.45616179704666,
 255.79054522514343,
 250.34497678279877,
 246.85113257169724,
 241.50829154253006,
 235.6340234875679,
 233.0620395541191,
 227.74621546268463,
 223.72045561671257,
 214.27388852834702,
 212.72578248381615,
 207.74557042121887,
 202.68803587555885,
 190.83997178077698,
 191.1652961075306,
 182.97010773420334,
 178.384082198143,
 172.43219456076622,
 161.3966285288334,
 160.79251885414124,
 153.60053685307503,
 147.95754662156105,
 138.26806378364563]


