subtree_lstm_accuracies = 
[0.39691189827429607,
 0.4150772025431426,
 0.43778383287920075,
 0.444141689373297,
 0.44959128065395093,
 0.4396003633060854,
 0.45231607629427795,
 0.4550408719346049,
 0.46139872842870117,
 0.4695731153496821,
 0.4641235240690282,
 0.4750227066303361,
 0.47229791099000906,
 0.4659400544959128,
 0.4641235240690282,
 0.44868301544050865,
 0.4695731153496821,
 0.4477747502270663,
 0.45685740236148953,
 0.4514078110808356,
 0.45231607629427795,
 0.43505903723887374,
 0.44504995458673935,
 0.4514078110808356,
 0.4405086285195277,
 0.4405086285195277,
 0.44141689373297005,
 0.4268846503178928,
 0.43869209809264303,
 0.4187102633969119,
 0.44141689373297005,
 0.407811080835604,
 0.43869209809264303,
 0.43142597638510444,
 0.4187102633969119,
 0.4259763851044505,
 0.4232515894641235,
 0.42415985467756584,
 0.42052679382379654,
 0.42779291553133514]
subtree_lstm_losses = 
[387.06636214256287,
 334.98868775367737,
 321.4132957458496,
 311.84021270275116,
 307.81200087070465,
 299.80629056692123,
 298.5278899073601,
 294.48168206214905,
 287.80906677246094,
 288.712832570076,
 283.76547807455063,
 280.6292355656624,
 274.6495949625969,
 272.13921999931335,
 271.7246780991554,
 264.5509915947914,
 256.92059022188187,
 255.87432223558426,
 256.01754397153854,
 243.86610978841782,
 239.50207048654556,
 241.58839052915573,
 232.96894723176956,
 224.56287157535553,
 223.21833783388138,
 218.88705575466156,
 210.01600089669228,
 204.21535682678223,
 202.24785062670708,
 195.34802281856537,
 184.77285689115524,
 185.0494009256363,
 175.0042503476143,
 173.9822569489479,
 162.12037071585655,
 155.703243881464,
 158.98504599928856,
 147.38898952305317,
 136.2507359534502,
 136.66869607567787]


