pt_deep_cbow_acc = \
[0.24977293369663942,
 0.2615803814713896,
 0.24069028156221617,
 0.25340599455040874,
 0.2452316076294278,
 0.24159854677565848,
 0.2506811989100817,
 0.23796548592188918,
 0.24795640326975477,
 0.2488646684831971,
 0.25885558583106266,
 0.23796548592188918,
 0.22615803814713897,
 0.2524977293369664,
 0.24250681198910082,
 0.22434150772025432,
 0.24613987284287012,
 0.21071752951861944,
 0.21162579473206175,
 0.23251589464123523,
 0.2452316076294278,
 0.22161671207992734,
 0.25158946412352406,
 0.2452316076294278,
 0.23342415985467757,
 0.22434150772025432,
 0.25158946412352406,
 0.24432334241598547,
 0.23887375113533152,
 0.23887375113533152]
pt_deep_cbow_loss = \
[1614.773467719555,
 1609.697124183178,
 1595.7916375398636,
 1591.6606872081757,
 1582.8432667851448,
 1599.1349663734436,
 1586.4737759828568,
 1566.234255850315,
 1564.0065799951553,
 1554.3903592824936,
 1509.135642528534,
 1574.0109413266182,
 1556.6898501515388,
 1574.7572951316833,
 1560.6381801366806,
 1563.5162470936775,
 1558.6278497576714,
 1502.8215332627296,
 1496.6230864524841,
 1499.2934447526932,
 1526.9924848675728,
 1525.3567566871643,
 1531.4269822835922,
 1535.208931863308,
 1525.2842091321945,
 1492.1040964126587,
 1449.7445217967033,
 1384.0904143452644,
 1460.2030305862427,
 1434.0772302746773]


