bow_accuracies = 
[0.2098092643051771,
 0.22524977293369663,
 0.23160762942779292,
 0.23069936421435058,
 0.23251589464123523,
 0.23978201634877383,
 0.2452316076294278,
 0.24159854677565848,
 0.24432334241598547,
 0.24704813805631246,
 0.2452316076294278,
 0.2452316076294278,
 0.2506811989100817,
 0.24704813805631246,
 0.2452316076294278,
 0.2488646684831971,
 0.24704813805631246,
 0.24704813805631246,
 0.24159854677565848,
 0.2452316076294278,
 0.24432334241598547,
 0.24704813805631246,
 0.24341507720254316,
 0.2488646684831971,
 0.25703905540417804,
 0.25885558583106266,
 0.2633969118982743,
 0.2615803814713896,
 0.259763851044505,
 0.2633969118982743]

bow_losses = \
[5173.121064480394,
 4942.883279979229,
 4723.639626652002,
 4885.203775972128,
 4778.453131977469,
 4531.336177349091,
 4389.156505674124,
 4842.664180219173,
 4228.379312813282,
 4305.885635212064,
 4218.064204245806,
 4177.712710887194,
 3858.6286649666727,
 3894.4913156330585,
 4119.517168194056,
 3933.312392681837,
 3758.543533861637,
 3773.122945792973,
 3685.3640481233597,
 3484.2736982256174,
 3590.818174764514,
 3435.7425225153565,
 3537.6966978684068,
 3472.9745021760464,
 3314.1658010929823,
 3331.249996855855,
 3162.885802268982,
 3239.2734299451113,
 3180.7610996365547,
 3001.212731041014]

