pt_deep_cbow_accuracies = \
[0.22434150772025432,
 0.24704813805631246,
 0.2579473206176203,
 0.24250681198910082,
 0.23978201634877383,
 0.24159854677565848,
 0.24432334241598547,
 0.26067211625794734,
 0.2488646684831971,
 0.23251589464123523,
 0.23251589464123523,
 0.2579473206176203,
 0.2452316076294278,
 0.24795640326975477,
 0.23342415985467757,
 0.24159854677565848,
 0.23069936421435058,
 0.19981834695731154,
 0.22888283378746593,
 0.2452316076294278,
 0.22524977293369663,
 0.25340599455040874,
 0.254314259763851,
 0.23433242506811988,
 0.24613987284287012,
 0.2561307901907357,
 0.24432334241598547,
 0.23160762942779292,
 0.22343324250681199,
 0.24250681198910082]
pt_deep_cbow_losses = \
[1621.9545477628708,
 1601.0397980213165,
 1596.550479710102,
 1592.296749472618,
 1575.6135954260826,
 1589.7738828063011,
 1575.8705890774727,
 1593.8143138885498,
 1574.079431951046,
 1545.9290615320206,
 1545.9383420944214,
 1567.055270433426,
 1551.238589644432,
 1561.7117144465446,
 1584.469969689846,
 1562.7185209393501,
 1568.8251332640648,
 1511.9501342773438,
 1510.7570830583572,
 1489.1758433580399,
 1516.508297920227,
 1535.1099570393562,
 1506.0849278569221,
 1530.4062138795853,
 1539.7122140526772,
 1528.9876397252083,
 1433.9421015381813,
 1450.9164348840714,
 1432.0381844639778,
 1486.2565541267395]


