pt_deep_cbow_accuracies = 
[0.24250681198910082,
 0.2488646684831971,
 0.2670299727520436,
 0.27157129881925524,
 0.25158946412352406,
 0.26248864668483196,
 0.24977293369663942,
 0.2615803814713896,
 0.22888283378746593,
 0.23251589464123523,
 0.25522252497729336,
 0.2488646684831971,
 0.22888283378746593,
 0.23160762942779292,
 0.23614895549500453,
 0.24977293369663942,
 0.24613987284287012,
 0.23251589464123523,
 0.24341507720254316,
 0.23796548592188918,
 0.23978201634877383,
 0.24069028156221617,
 0.23160762942779292,
 0.2633969118982743,
 0.24795640326975477,
 0.23705722070844687,
 0.23342415985467757,
 0.21162579473206175,
 0.22615803814713897,
 0.2134423251589464]
pt_deep_cbow_loss = \
[1624.0093793272972,
 1615.3583091497421,
 1595.0905879735947,
 1584.877276480198,
 1593.896570444107,
 1588.1167870759964,
 1567.7074352502823,
 1587.4433931708336,
 1577.7885056138039,
 1545.7642102837563,
 1561.591730773449,
 1554.102694928646,
 1543.578000485897,
 1552.7680299282074,
 1552.0977051258087,
 1582.238421857357,
 1553.87103754282,
 1504.5991442799568,
 1516.8362052440643,
 1515.0542804002762,
 1514.8323183655739,
 1495.1234186291695,
 1534.06346565485,
 1518.040419280529,
 1539.2627349495888,
 1493.5371209979057,
 1426.6254733204842,
 1453.6072753667831,
 1457.495049059391,
 1480.9868903756142]


