pt_deep_cbow_accuracies = \
[0.24795640326975477,
 0.21525885558583105,
 0.23705722070844687,
 0.25340599455040874,
 0.23614895549500453,
 0.259763851044505,
 0.26248864668483196,
 0.2670299727520436,
 0.2506811989100817,
 0.24250681198910082,
 0.25158946412352406,
 0.2488646684831971,
 0.2506811989100817,
 0.2098092643051771,
 0.25340599455040874,
 0.24159854677565848,
 0.25340599455040874,
 0.22706630336058128,
 0.22979109900090827,
 0.23160762942779292,
 0.23796548592188918,
 0.23614895549500453,
 0.24159854677565848,
 0.24250681198910082,
 0.2506811989100817,
 0.2488646684831971,
 0.23160762942779292,
 0.21435059037238874,
 0.22797456857402362,
 0.22524977293369663]
pt_deep_cbow_loss = \
[1612.3967998027802,
 1608.131575167179,
 1609.6323323249817,
 1586.78903144598,
 1578.074516415596,
 1588.188690841198,
 1588.2550451159477,
 1589.0250450968742,
 1546.6108603477478,
 1559.186053931713,
 1539.4498845934868,
 1558.136731684208,
 1561.0441797971725,
 1564.9497991800308,
 1553.3313063383102,
 1569.552806854248,
 1556.7421983480453,
 1510.0368273854256,
 1503.9628901481628,
 1503.275736629963,
 1492.9670912623405,
 1528.039405286312,
 1524.44250613451,
 1533.512082874775,
 1528.7162613868713,
 1511.3963889479637,
 1418.5220003724098,
 1422.1020258665085,
 1437.1804072260857,
 1497.2085030078888]

