BOW_3
best model iter 24000: train acc=0.2969, dev acc=0.2425, test acc=0.2493
[5244.577631250024, 4887.593089133501, 4976.095152974129, 4790.0417070910335, 4620.44335386157, 4859.975712180138, 4181.224165588617, 4483.023575693369, 4249.581688068807, 4148.526466310024, 3865.37752328068, 4140.578179821372, 4063.0592094510794, 3983.925412043929, 3785.439843341708, 3867.2625936567783, 4029.6096136271954, 3419.035951703787, 3565.767009153962, 3555.9970357120037, 3460.289729192853, 3436.7712331414223, 3599.107940301299, 3530.4141966700554, 3287.004933178425, 3368.302284836769, 3054.4123964309692, 3185.411881610751, 3131.835622996092, 3131.1071455404162] [0.184377838328792, 0.1989100817438692, 0.2025431425976385, 0.2025431425976385, 0.2061762034514078, 0.21071752951861944, 0.2134423251589464, 0.2125340599455041, 0.21525885558583105, 0.2198001816530427, 0.22524977293369663, 0.22797456857402362, 0.22888283378746593, 0.23160762942779292, 0.23251589464123523, 0.23069936421435058, 0.23251589464123523, 0.23614895549500453, 0.22979109900090827, 0.23796548592188918, 0.23524069028156222, 0.23433242506811988, 0.23887375113533152, 0.24250681198910082, 0.23614895549500453, 0.23342415985467757, 0.23433242506811988, 0.23433242506811988, 0.24069028156221617, 0.24069028156221617]

CBOW 1
best model iter 22000: train acc=0.5050, dev acc=0.2434, test acc=0.2118
[2936.5638840794563, 2395.558230549097, 2204.1061560362577, 1924.9184966385365, 1950.4532966017723, 1946.0078127384186, 1902.5051578879356, 1899.7851511538029, 1849.7025283277035, 1782.3499789834023, 1796.8154767751694, 1783.210932970047, 1736.5871301293373, 1816.6884874105453, 1819.3169600367546, 1808.2728305906057, 1784.5309083163738, 1563.9240777492523, 1569.004651427269, 1530.016948223114, 1543.7373202443123, 1573.486632168293, 1594.3224539458752, 1613.934492558241, 1552.8414117097855, 1441.9074721634388, 1126.6354890167713, 1169.8793404400349, 1248.9427472949028, 1171.8853943943977] [0.22434150772025432, 0.2025431425976385, 0.22615803814713897, 0.22161671207992734, 0.23342415985467757, 0.22252497729336967, 0.22706630336058128, 0.23796548592188918, 0.20435967302452315, 0.22252497729336967, 0.22343324250681199, 0.19618528610354224, 0.23069936421435058, 0.22070844686648503, 0.22979109900090827, 0.2161671207992734, 0.23342415985467757, 0.2052679382379655, 0.23251589464123523, 0.21525885558583105, 0.21798365122615804, 0.24341507720254316, 0.23796548592188918, 0.23524069028156222, 0.23705722070844687, 0.20072661217075385, 0.22252497729336967, 0.22434150772025432, 0.22888283378746593, 0.23160762942779292]

CBOW 2
best model iter 30000: train acc=0.6670, dev acc=0.2425, test acc=0.2394
[2836.8743012547493, 2368.6735033988953, 2044.581676632166, 1951.4610580205917, 1967.6923197805882, 1908.1342591494322, 1896.5150597691536, 1874.171762764454, 1794.6594651043415, 1761.9989922344685, 1764.3998000621796, 1743.9842832237482, 1839.1823914051056, 1792.7290506064892, 1817.589802980423, 1772.603242725134, 1817.6381307840347, 1475.412860751152, 1541.3571490198374, 1528.7697431147099, 1538.2463668584824, 1580.068545743823, 1503.341053366661, 1558.8724012672901, 1546.4208697676659, 1420.0847742855549, 1104.5214494466782, 1110.894950300455, 1171.222575366497, 1179.6270765215158]

[0.19981834695731154, 0.21707538601271573, 0.2052679382379655, 0.2089009990917348, 0.20799273387829245, 0.2125340599455041, 0.2061762034514078, 0.23796548592188918, 0.23524069028156222, 0.22434150772025432, 0.22070844686648503, 0.1943687556766576, 0.20345140781108084, 0.21707538601271573, 0.22797456857402362, 0.22979109900090827, 0.20708446866485014, 0.22797456857402362, 0.23705722070844687, 0.21435059037238874, 0.21889191643960038, 0.22161671207992734, 0.23160762942779292, 0.22161671207992734, 0.22070844686648503, 0.22434150772025432, 0.2134423251589464, 0.22615803814713897, 0.22797456857402362, 0.24250681198910082]

CBOW 3
best model iter 8000: train acc=0.3173, dev acc=0.2489, test acc=0.2308
[2865.77875764668, 2436.3308742642403, 2069.153487086296, 1992.9577638804913, 1960.4219935536385, 1937.316891670227, 1919.7045809924603, 1919.8597230613232, 1869.3062251508236, 1785.5654803812504, 1732.0037348270416, 1803.3644798099995, 1762.0699412971735, 1787.0373864620924, 1866.0545833706856, 1801.2760894596577, 1798.4566085636616, 1522.6109966635704, 1470.2568153440952, 1565.298379689455, 1583.6218176335096, 1612.7829299122095, 1604.949624478817, 1640.83248052001, 1532.5097111165524, 1439.0172646641731, 1132.3489484488964, 1160.5127367973328, 1236.4082438349724, 1289.2721290886402] [0.2125340599455041, 0.21162579473206175, 0.2198001816530427, 0.21071752951861944, 0.21707538601271573, 0.2098092643051771, 0.22343324250681199, 0.2488646684831971, 0.24159854677565848, 0.22524977293369663, 0.2025431425976385, 0.23796548592188918, 0.23342415985467757, 0.23342415985467757, 0.21798365122615804, 0.22343324250681199, 0.2161671207992734, 0.21435059037238874, 0.22524977293369663, 0.2125340599455041, 0.23342415985467757, 0.22615803814713897, 0.20708446866485014, 0.23069936421435058, 0.22706630336058128, 0.21435059037238874, 0.2134423251589464, 0.2125340599455041, 0.24159854677565848, 0.23160762942779292]

Deep CBOW 1
best model iter 5000: train acc=0.3120, dev acc=0.2788, test acc=0.2480
[1626.03015011549, 1618.9064911603928, 1586.0090283155441, 1570.7242243885994, 1591.5382087230682, 1591.7938157320023, 1585.5382027626038, 1572.1762294769287, 1554.6346108913422, 1492.8848723173141, 1504.1670233011246, 1508.3628588914871, 1499.3099382519722, 1524.0873067378998, 1488.5355697274208, 1527.3240867257118, 1516.5604920983315, 1287.4089762568474, 1322.871328830719, 1241.8814539909363, 1292.92168623209, 1289.3068655133247, 1336.2771203517914, 1289.3150939941406, 1321.7387337684631, 1194.6987850666046, 901.9754490852356, 997.7353798151016, 996.2703918218613, 941.1145822405815] [0.24704813805631246, 0.25703905540417804, 0.2561307901907357, 0.2633969118982743, 0.27883742052679383, 0.24613987284287012, 0.27157129881925524, 0.26067211625794734, 0.24795640326975477, 0.2488646684831971, 0.24250681198910082, 0.24341507720254316, 0.25703905540417804, 0.23705722070844687, 0.24069028156221617, 0.24977293369663942, 0.2742960944595822, 0.24704813805631246, 0.24432334241598547, 0.25522252497729336, 0.23160762942779292, 0.2524977293369664, 0.26067211625794734, 0.2524977293369664, 0.2615803814713896, 0.2524977293369664, 0.2561307901907357, 0.24795640326975477, 0.2688465031789282, 0.2742960944595822]

Deep CBOW 2
best model iter 8000: train acc=0.3258, dev acc=0.2552, test acc=0.2620
[1640.350316643715, 1616.8776206374168, 1598.009103178978, 1590.110688328743, 1604.1956505179405, 1568.7939666509628, 1582.9049941897392, 1588.8263576030731, 1559.333036661148, 1518.9371229410172, 1528.322716474533, 1520.6091337800026, 1528.59701025486, 1554.7830358743668, 1524.9679260253906, 1550.2995193600655, 1545.6051983833313, 1349.5874495506287, 1361.1305280327797, 1351.854130268097, 1340.5831421017647, 1415.6327999830246, 1317.707425892353, 1379.501418709755, 1402.9009455442429, 1222.0801144838333, 1014.7067876458168, 1032.2564641833305, 1075.5741242170334, 1077.7879147529602]

[0.2488646684831971, 0.23160762942779292, 0.23796548592188918, 0.24341507720254316, 0.23433242506811988, 0.22979109900090827, 0.23887375113533152, 0.25522252497729336, 0.24977293369663942, 0.22343324250681199, 0.21707538601271573, 0.22706630336058128, 0.23160762942779292, 0.24795640326975477, 0.23614895549500453, 0.23614895549500453, 0.24432334241598547, 0.23342415985467757, 0.22524977293369663, 0.22070844686648503, 0.23160762942779292, 0.21889191643960038, 0.23524069028156222, 0.23342415985467757, 0.25522252497729336, 0.22434150772025432, 0.21798365122615804, 0.21707538601271573, 0.22524977293369663, 0.21525885558583105]

Deep CBOW 3
best model iter 6000: train acc=0.2915, dev acc=0.2725, test acc=0.2344
[1623.50907766819, 1617.3397978544235, 1610.0193123817444, 1587.5123554468155, 1591.9816409945488, 1575.5316286087036, 1598.4443609714508, 1583.6806309223175, 1555.9270020723343, 1517.295862197876, 1525.1422509551048, 1540.3747781515121, 1550.0784765481949, 1541.597772181034, 1533.646002650261, 1553.1937584280968, 1506.5550074577332, 1355.293001115322, 1315.6680438518524, 1362.3012118339539, 1357.8386469483376, 1355.6684846282005, 1375.2297187447548, 1387.0620676875114, 1399.1249266266823, 1271.7003244161606, 1019.6313497424126, 1006.6873359680176, 1085.072641968727, 1116.7338034510612] [0.23433242506811988, 0.23433242506811988, 0.24250681198910082, 0.2615803814713896, 0.25703905540417804, 0.2724795640326976, 0.26430517711171664, 0.2488646684831971, 0.23342415985467757, 0.25340599455040874, 0.23705722070844687, 0.23251589464123523, 0.21889191643960038, 0.2052679382379655, 0.22888283378746593, 0.23796548592188918, 0.2561307901907357, 0.23342415985467757, 0.22706630336058128, 0.22161671207992734, 0.22070844686648503, 0.22888283378746593, 0.23251589464123523, 0.21525885558583105, 0.23160762942779292, 0.22979109900090827, 0.2098092643051771, 0.22979109900090827, 0.2134423251589464, 0.2134423251589464]

TREE LSTM 1
best model iter 3500: train acc=0.5488, dev acc=0.4796, test acc=0.4629
([383.28672230243683, 333.0159854888916, 320.1629637479782, 314.349601149559, 305.9894461631775, 300.4319745898247, 298.53642296791077, 294.08006328344345, 288.75502067804337, 290.39559346437454, 283.5546597838402, 280.7863318324089, 274.48743265867233, 274.41753667593, 269.4319078922272, 262.30765402317047, 263.6764562726021, 256.96033960580826, 252.3512440919876, 249.49297553300858, 247.1262208223343, 242.7014445066452, 236.9394906759262, 226.87181890010834, 225.8052058815956, 223.019857108593, 214.64082461595535, 207.95770028233528, 203.20378080010414, 203.6739966571331, 192.76605239510536, 188.70033532381058, 180.37427008152008, 174.59968876838684, 169.40985551476479, 162.18539518117905, 159.45097240805626, 153.31737914681435, 144.94625383615494, 140.73389266431332], [0.3814713896457766, 0.4141689373297003, 0.4250681198910082, 0.43869209809264303, 0.44959128065395093, 0.444141689373297, 0.45322434150772023, 0.44686648501362397, 0.4586739327883742, 0.45231607629427795, 0.4623069936421435, 0.4586739327883742, 0.4713896457765668, 0.47956403269754766, 0.45322434150772023, 0.4659400544959128, 0.45958219800181654, 0.4477747502270663, 0.46139872842870117, 0.4550408719346049, 0.44959128065395093, 0.45413260672116257, 0.46139872842870117, 0.45231607629427795, 0.44686648501362397, 0.43778383287920075, 0.44686648501362397, 0.42779291553133514, 0.4550408719346049, 0.43778383287920075, 0.43142597638510444, 0.4259763851044505, 0.42779291553133514, 0.41689373297002724, 0.4332425068119891, 0.4178019981834696, 0.4223433242506812, 0.4187102633969119, 0.410535876475931, 0.41689373297002724])

TREE LSTM 2
best model iter 3500: train acc=0.5603, dev acc=0.4732, test acc=0.4828
[382.7692024707794, 334.0446368455887, 321.4103181362152, 310.96944600343704, 306.4881417155266, 301.7359499335289, 300.0929466485977, 293.0216349363327, 293.5462726354599, 283.75438582897186, 285.1171436905861, 277.4430736899376, 277.7282621860504, 272.6213480234146, 267.26122426986694, 264.23435109853745, 263.02532136440277, 253.95729249715805, 254.37860089540482, 248.06441748142242, 243.5212768316269, 241.87176257371902, 234.87775921821594, 231.16886150836945, 226.24528294801712, 225.1973091363907, 214.83239042758942, 209.2063443362713, 203.86007776856422, 203.77290391921997, 191.58097159862518, 188.9015670120716, 187.74258562922478, 176.8287204504013, 173.14934381842613, 164.0493847131729, 159.47114166617393, 151.47113636136055, 146.74243326485157, 143.04980878531933],

[0.3851044504995459, 0.4178019981834696, 0.4368755676657584, 0.42415985467756584, 0.44504995458673935, 0.45049954586739327, 0.44595821980018163, 0.44595821980018163, 0.4677565849227975, 0.44504995458673935, 0.4623069936421435, 0.45413260672116257, 0.44504995458673935, 0.4732061762034514, 0.4623069936421435, 0.4586739327883742, 0.46684831970935514, 0.45231607629427795, 0.4586739327883742, 0.45685740236148953, 0.44959128065395093, 0.4514078110808356, 0.45594913714804725, 0.4550408719346049, 0.45049954586739327, 0.44141689373297005, 0.4514078110808356, 0.4586739327883742, 0.44232515894641233, 0.42779291553133514, 0.4232515894641235, 0.4287011807447775, 0.43142597638510444, 0.43505903723887374, 0.4268846503178928, 0.4405086285195277, 0.4250681198910082, 0.4305177111716621, 0.42052679382379654, 0.41689373297002724])

TREE LSTM 3
best model iter 4000: train acc=0.5742, dev acc=0.4687, test acc=0.4665
([383.1997103691101, 334.68548560142517, 320.07785725593567, 315.4456080198288, 303.96531850099564, 303.1590787768364, 300.08435982465744, 292.3154816031456, 291.5049151778221, 285.223346054554, 284.88456231355667, 280.36233073472977, 274.2311940193176, 273.46879798173904, 268.60595750808716, 266.69768792390823, 259.2606162428856, 254.67988574504852, 253.8159213066101, 247.00808656215668, 244.800698697567, 242.30472642183304, 235.83318758010864, 229.50530296564102, 225.71817272901535, 225.6539844274521, 211.5827867090702, 208.22430995106697, 206.14801481366158, 197.50264659523964, 187.6261945962906, 189.62594524025917, 182.53956201672554, 177.6630629003048, 168.6165088713169, 167.45583501458168, 160.43370935320854, 151.80570805072784, 145.97337207198143, 139.2751984000206], [0.3941871026339691, 0.40054495912806537, 0.42415985467756584, 0.4332425068119891, 0.4368755676657584, 0.43778383287920075, 0.4405086285195277, 0.4396003633060854, 0.44959128065395093, 0.45322434150772023, 0.45231607629427795, 0.45049954586739327, 0.4586739327883742, 0.4604904632152589, 0.4641235240690282, 0.46866485013623976, 0.4604904632152589, 0.4514078110808356, 0.4623069936421435, 0.45685740236148953, 0.4550408719346049, 0.43415077202543145, 0.44141689373297005, 0.44686648501362397, 0.43142597638510444, 0.43869209809264303, 0.4332425068119891, 0.4178019981834696, 0.410535876475931, 0.4332425068119891, 0.43869209809264303, 0.4114441416893733, 0.4250681198910082, 0.4250681198910082, 0.410535876475931, 0.4069028156221617, 0.41326067211625794, 0.4368755676657584, 0.4150772025431426, 0.4069028156221617])

SUBTREE LSTM 3
best model iter 4250: train acc=0.5861, dev acc=0.4696, test acc=0.4647
([380.1337653398514, 334.62519359588623, 320.8049402832985, 314.40436148643494, 307.3357078433037, 305.0696375966072, 299.3821650147438, 295.38848054409027, 288.5137510895729, 285.76014721393585, 284.9741055369377, 278.2746760249138, 278.2440952062607, 272.2629405260086, 270.91314232349396, 266.2401407957077, 256.6635686159134, 259.3429897427559, 254.297633767128, 247.21108210086823, 244.76126164197922, 238.92056220769882, 234.5416635274887, 227.73748406767845, 226.52440762519836, 221.44803330302238, 212.30926597118378, 205.72174414992332, 205.29056799411774, 196.9127017557621, 189.08364695310593, 184.64200195670128, 184.98746779561043, 174.56648156046867, 165.19067719578743, 163.93246233463287, 159.28789588809013, 149.0770294368267, 140.4616046100855, 140.7495922446251], [0.37783832879200724, 0.410535876475931, 0.4250681198910082, 0.4305177111716621, 0.4296094459582198, 0.44504995458673935, 0.44959128065395093, 0.45776566757493187, 0.4586739327883742, 0.4550408719346049, 0.45958219800181654, 0.46139872842870117, 0.4477747502270663, 0.45958219800181654, 0.4677565849227975, 0.4623069936421435, 0.4695731153496821, 0.44323342415985467, 0.46866485013623976, 0.45958219800181654, 0.4641235240690282, 0.4623069936421435, 0.44959128065395093, 0.45322434150772023, 0.44232515894641233, 0.45322434150772023, 0.4514078110808356, 0.4405086285195277, 0.45322434150772023, 0.44868301544050865, 0.43778383287920075, 0.43415077202543145, 0.4268846503178928, 0.4287011807447775, 0.44504995458673935, 0.41326067211625794, 0.41689373297002724, 0.4123524069028156, 0.4396003633060854, 0.4196185286103542])
