0.1980018165304269,
0.20345140781108084,
0.21435059037238874,
0.22161671207992734,
0.22252497729336967,
0.22070844686648503,
0.22615803814713897,
0.23433242506811988,
0.23796548592188918,
0.23069936421435058,
0.23342415985467757,
0.23614895549500453,
0.23524069028156222,
0.23524069028156222,
0.23614895549500453,
0.23614895549500453,
0.24159854677565848,
0.24250681198910082,
0.24341507720254316,
0.24341507720254316,
0.24159854677565848,
0.24250681198910082,
0.24613987284287012,
0.2452316076294278,
0.2506811989100817,
0.2506811989100817,
0.24977293369663942,
0.24977293369663942,
0.2506811989100817,
0.24795640326975477 S
5128.975464046001,
4703.688739448786,
4536.031769677997,
4526.551268815994,
4620.001013487577,
4579.193160176277,
4437.550627887249,
4456.330612033606,
4238.740470349789,
4005.984257400036,
4047.262337580323,
3943.737091228366,
4005.083215713501,
3868.5247109532356,
3800.2216438651085,
3778.7907668352127,
3680.541881620884,
3551.3140315413475,
3491.8946557193995,
3397.9294271171093,
3369.3649188280106,
3328.931040108204,
3510.938335478306,
3483.9191388189793,
3239.0309377759695,
3132.2995480298996,
3037.264681458473,
3107.781806461513,
3015.637979924679,
3097.951842993498 K
0.19981834695731154,
0.21707538601271573, 0.2052679382379655, 0.2089009990917348, 0.20799273387829245, 0.2125340599455041, 0.2061762034514078, 0.23796548592188918, 0.23524069028156222, 0.22434150772025432, 0.22070844686648503, 0.1943687556766576, 0.20345140781108084, 0.21707538601271573, 0.22797456857402362, 0.22979109900090827, 0.20708446866485014, 0.22797456857402362, 0.23705722070844687, 0.21435059037238874, 0.21889191643960038, 0.22161671207992734, 0.23160762942779292, 0.22161671207992734, 0.22070844686648503, 0.22434150772025432, 0.2134423251589464, 0.22615803814713897, 0.22797456857402362,
0.24250681198910082 S
2836.8743012547493, 2368.6735033988953, 2044.581676632166, 1951.4610580205917, 1967.6923197805882, 1908.1342591494322, 1896.5150597691536, 1874.171762764454, 1794.6594651043415, 1761.9989922344685, 1764.3998000621796, 1743.9842832237482, 1839.1823914051056, 1792.7290506064892, 1817.589802980423, 1772.603242725134, 1817.6381307840347, 1475.412860751152, 1541.3571490198374, 1528.7697431147099, 1538.2463668584824, 1580.068545743823, 1503.341053366661, 1558.8724012672901, 1546.4208697676659, 1420.0847742855549, 1104.5214494466782, 1110.894950300455, 1171.222575366497,
1179.6270765215158 K
0.30517711171662126, 0.3133514986376022, 0.3206176203451408, 0.3178928247048138, 0.3215258855585831, 0.3405994550408719, 0.33424159854677565, 0.3224341507720254, 0.3369663941871026, 0.3442325158946412, 0.35876475930971846, 0.36693914623069934, 0.3760217983651226, 0.3605812897366031, 0.3569482288828338, 0.35876475930971846, 0.368755676657584, 0.36966394187102636, 0.35603996366939145, 0.34150772025431425, 0.34332425068119893, 0.37420526793823794, 0.36330608537693004, 0.3651226158038147, 0.36603088101725706, 0.3932788374205268, 0.35240690281562215, 0.3760217983651226, 0.36693914623069934,
0.3678474114441417 S
1592.922179043293, 1568.5618275403976, 1546.0747776031494, 1552.5203657150269, 1540.074771463871, 1537.4872747659683, 1500.6414544582367, 1517.0647463202477, 1461.3527557849884, 1382.8783581256866, 1388.7807053923607, 1375.8414808511734, 1368.9877647161484, 1356.4491702318192, 1387.340194284916, 1325.2608475089073, 1356.768096089363, 1209.397024512291, 1182.2506016492844, 1173.28459918499, 1132.6622523069382, 1204.8779711127281, 1180.735119342804, 1218.5903444886208, 1208.770825266838, 1106.611903309822, 973.3196486830711, 942.1414544582367, 975.8270415663719,
998.8580006957054 K 0.3578564940962761, 0.35967302452316074, 0.3851044504995459, 0.3923705722070845, 0.4014532243415077, 0.40962761126248864, 0.4087193460490463, 0.40054495912806537, 0.4150772025431426, 0.4123524069028156, 0.4259763851044505, 0.3941871026339691, 0.3787465940054496, 0.4141689373297003, 0.39509536784741145, 0.42052679382379654, 0.4178019981834696, 0.4223433242506812, 0.4232515894641235, 0.4214350590372389, 0.4087193460490463, 0.4141689373297003, 0.4196185286103542, 0.4150772025431426, 0.4214350590372389, 0.410535876475931, 0.42052679382379654, 0.4069028156221617, 0.4196185286103542,
0.4305177111716621 S
1478.0292754173279, 1427.2566288113594, 1350.5920548439026, 1336.5041230916977, 1401.685745716095, 1344.3136206269264, 1347.020538687706, 1313.1708833575249, 1339.8445487618446, 1295.101962029934, 1267.8088644742966, 1302.4965320825577, 1297.195918083191, 1316.3294960260391, 1294.3619518876076, 1291.6163737773895, 1304.8478266000748, 1325.4761509299278, 1217.0420975089073, 1271.1247380971909, 1281.109262228012, 1321.920945763588, 1294.277091741562, 1250.6124452352524, 1280.8797140717506, 1271.3071769475937, 1238.6916866898537, 1268.0367051959038, 1267.9399265646935, 1256.331707060337 K
0.3760217983651226,
0.405086285195277,
0.40054495912806537,
0.4178019981834696,
0.4259763851044505,
0.41689373297002724,
0.4332425068119891,
0.4396003633060854,
0.44141689373297005,
0.44959128065395093,
0.43505903723887374,
0.45413260672116257,
0.44504995458673935,
0.44686648501362397,
0.44504995458673935,
0.44232515894641233,
0.44504995458673935,
0.43505903723887374,
0.45231607629427795,
0.45049954586739327,
0.45231607629427795,
0.45413260672116257,
0.44959128065395093,
0.43869209809264303,
0.43142597638510444,
0.44595821980018163,
0.44232515894641233,
0.45231607629427795,
0.44595821980018163,
0.4232515894641235,
0.4196185286103542,
0.4259763851044505,
0.43869209809264303,
0.4359673024523161,
0.4405086285195277,
0.42415985467756584,
0.4232515894641235,
0.44141689373297005,
0.4305177111716621,
0.43869209809264303 S
378.2119324207306,
336.46172165870667,
324.79417848587036,
321.29580479860306,
312.7520086169243,
306.5028926730156,
303.05295753479004,
300.4068031311035,
298.46470779180527,
289.0225469470024,
291.1962857246399,
282.68358051776886,
280.5330347418785,
274.6485337615013,
271.22995072603226,
262.01705610752106,
262.43377262353897,
258.2223930954933,
250.72506350278854,
241.31769692897797,
231.90701287984848,
236.24365627765656,
222.75988692045212,
216.14693349599838,
212.49848383665085,
205.08531242609024,
191.2387238740921,
192.92162343859673,
182.96233993768692,
179.28946062922478,
169.4908410012722,
162.19018054008484,
155.5856760442257,
148.80825567245483,
137.96068561077118,
136.10457223653793,
132.30001091957092,
121.34911815822124,
117.09585213661194,
115.42752135545015 K
0.3851044504995459, 0.4178019981834696, 0.4368755676657584, 0.42415985467756584, 0.44504995458673935, 0.45049954586739327, 0.44595821980018163, 0.44595821980018163, 0.4677565849227975, 0.44504995458673935, 0.4623069936421435, 0.45413260672116257, 0.44504995458673935, 0.4732061762034514, 0.4623069936421435, 0.4586739327883742, 0.46684831970935514, 0.45231607629427795, 0.4586739327883742, 0.45685740236148953, 0.44959128065395093, 0.4514078110808356, 0.45594913714804725, 0.4550408719346049, 0.45049954586739327, 0.44141689373297005, 0.4514078110808356, 0.4586739327883742, 0.44232515894641233, 0.42779291553133514, 0.4232515894641235, 0.4287011807447775, 0.43142597638510444, 0.43505903723887374, 0.4268846503178928, 0.4405086285195277, 0.4250681198910082, 0.4305177111716621, 0.42052679382379654,
0.41689373297002724 S
382.7692024707794, 334.0446368455887, 321.4103181362152, 310.96944600343704, 306.4881417155266, 301.7359499335289, 300.0929466485977, 293.0216349363327, 293.5462726354599, 283.75438582897186, 285.1171436905861, 277.4430736899376, 277.7282621860504, 272.6213480234146, 267.26122426986694, 264.23435109853745, 263.02532136440277, 253.95729249715805, 254.37860089540482, 248.06441748142242, 243.5212768316269, 241.87176257371902, 234.87775921821594, 231.16886150836945, 226.24528294801712, 225.1973091363907, 214.83239042758942, 209.2063443362713, 203.86007776856422, 203.77290391921997, 191.58097159862518, 188.9015670120716, 187.74258562922478, 176.8287204504013, 173.14934381842613, 164.0493847131729, 159.47114166617393, 151.47113636136055, 146.74243326485157,
143.04980878531933 K
0.39691189827429607,
0.4150772025431426,
0.43778383287920075,
0.444141689373297,
0.44959128065395093,
0.4396003633060854,
0.45231607629427795,
0.4550408719346049,
0.46139872842870117,
0.4695731153496821,
0.4641235240690282,
0.4750227066303361,
0.47229791099000906,
0.4659400544959128,
0.4641235240690282,
0.44868301544050865,
0.4695731153496821,
0.4477747502270663,
0.45685740236148953,
0.4514078110808356,
0.45231607629427795,
0.43505903723887374,
0.44504995458673935,
0.4514078110808356,
0.4405086285195277,
0.4405086285195277,
0.44141689373297005,
0.4268846503178928,
0.43869209809264303,
0.4187102633969119,
0.44141689373297005,
0.407811080835604,
0.43869209809264303,
0.43142597638510444,
0.4187102633969119,
0.4259763851044505,
0.4232515894641235,
0.42415985467756584,
0.42052679382379654,
0.42779291553133514 S
387.06636214256287,
334.98868775367737,
321.4132957458496,
311.84021270275116,
307.81200087070465,
299.80629056692123,
298.5278899073601,
294.48168206214905,
287.80906677246094,
288.712832570076,
283.76547807455063,
280.6292355656624,
274.6495949625969,
272.13921999931335,
271.7246780991554,
264.5509915947914,
256.92059022188187,
255.87432223558426,
256.01754397153854,
243.86610978841782,
239.50207048654556,
241.58839052915573,
232.96894723176956,
224.56287157535553,
223.21833783388138,
218.88705575466156,
210.01600089669228,
204.21535682678223,
202.24785062670708,
195.34802281856537,
184.77285689115524,
185.0494009256363,
175.0042503476143,
173.9822569489479,
162.12037071585655,
155.703243881464,
158.98504599928856,
147.38898952305317,
136.2507359534502,
136.66869607567787
