bow_accuracies = \
[0.1980018165304269,
 0.20345140781108084,
 0.21435059037238874,
 0.22161671207992734,
 0.22252497729336967,
 0.22070844686648503,
 0.22615803814713897,
 0.23433242506811988,
 0.23796548592188918,
 0.23069936421435058,
 0.23342415985467757,
 0.23614895549500453,
 0.23524069028156222,
 0.23524069028156222,
 0.23614895549500453,
 0.23614895549500453,
 0.24159854677565848,
 0.24250681198910082,
 0.24341507720254316,
 0.24341507720254316,
 0.24159854677565848,
 0.24250681198910082,
 0.24613987284287012,
 0.2452316076294278,
 0.2506811989100817,
 0.2506811989100817,
 0.24977293369663942,
 0.24977293369663942,
 0.2506811989100817,
 0.24795640326975477]
 bow_losses = \
[5128.975464046001,
 4703.688739448786,
 4536.031769677997,
 4526.551268815994,
 4620.001013487577,
 4579.193160176277,
 4437.550627887249,
 4456.330612033606,
 4238.740470349789,
 4005.984257400036,
 4047.262337580323,
 3943.737091228366,
 4005.083215713501,
 3868.5247109532356,
 3800.2216438651085,
 3778.7907668352127,
 3680.541881620884,
 3551.3140315413475,
 3491.8946557193995,
 3397.9294271171093,
 3369.3649188280106,
 3328.931040108204,
 3510.938335478306,
 3483.9191388189793,
 3239.0309377759695,
 3132.2995480298996,
 3037.264681458473,
 3107.781806461513,
 3015.637979924679,
 3097.951842993498]


