bow_accuracies = \
[0.24613987284287012,
 0.24977293369663942,
 0.2506811989100817,
 0.24250681198910082,
 0.24432334241598547,
 0.24613987284287012,
 0.24704813805631246,
 0.2452316076294278,
 0.24159854677565848,
 0.24159854677565848,
 0.24795640326975477,
 0.24341507720254316,
 0.24069028156221617,
 0.24704813805631246,
 0.24159854677565848,
 0.24432334241598547,
 0.24341507720254316,
 0.24795640326975477,
 0.2506811989100817,
 0.25158946412352406,
 0.26067211625794734,
 0.26067211625794734,
 0.2652134423251589,
 0.2633969118982743,
 0.2688465031789282,
 0.26975476839237056,
 0.26612170753860126,
 0.26975476839237056,
 0.2706630336058129,
 0.2724795640326976]
bow_losses = \
[5983.736529029906,
 5520.620042063296,
 5418.062958598137,
 5060.702431827784,
 4866.825949221849,
 4799.111059546471,
 4487.277139544487,
 4613.18154117465,
 4259.990757226944,
 4308.261570110917,
 4259.1185553222895,
 4025.1066848039627,
 3963.3983862139285,
 4187.644979476929,
 3759.8155459463596,
 3885.443642616272,
 3899.4757200926542,
 3592.2540539503098,
 3529.6556747704744,
 3510.9733882695436,
 3335.293437823653,
 3552.707476079464,
 3480.29273237288,
 3398.4251242652535,
 3467.0107172578573,
 3290.252673216164,
 3066.468350544572,
 3211.466050297022,
 3021.889331139624,
 3152.992163505405]


